Script started on Fri 25 Jun 2021 09:07:21 PM EDT
[?1034hbash-4.2$ ./sort
Source Array: 
95 62 56 42 67 74 06 21 27 10 18 60 19 32 46 82 90 74 25 76 
59 57 36 79 74 78 29 59 57 77 49 04 39 57 98 07 31 04 80 10 
66 51 71 86 35 69 68 25 96 46 53 55 03 90 34 29 20 15 88 29 
92 89 34 32 47 84 91 30 41 71 41 07 74 64 93 10 85 62 35 81 
60 89 36 63 31 71 92 03 38 32 32 31 73 66 15 20 03 06 03 44 


Destination Array: 
03 03 03 03 04 04 06 06 07 07 10 10 10 15 15 18 19 20 20 21 
25 25 27 29 29 29 30 31 31 31 32 32 32 32 34 34 35 35 36 36 
38 39 41 41 42 44 46 46 47 49 51 53 55 56 57 57 57 59 59 60 
60 62 62 63 64 66 66 67 68 69 71 71 71 73 74 74 74 74 76 77 
78 79 80 81 82 84 85 86 88 89 89 90 90 91 92 92 93 95 96 98 
bash-4.2$ exit
exit

Script done on Fri 25 Jun 2021 09:07:30 PM EDT
