Script started on Thu 10 Jun 2021 10:58:13 PM EDT
[?1034hbash-4.2$ ./srt
Source Array: 
78 18 26 56 12 44 12 68 46 35 81 87 65 20 17 59 12 66 27 47 
66 23 50 24 20 47 49 52 99 54 91 29 24 69 37 36 13 50 57 60 
85 38 47 03 10 17 62 22 83 89 70 01 64 72 77 36 19 78 41 70 
84 32 00 09 02 37 45 67 39 54 27 25 44 27 28 54 44 42 77 79 
83 99 32 47 71 09 35 90 40 76 60 24 61 12 33 15 02 31 82 41 


Destination Array: 
00 01 02 02 03 09 09 10 12 12 12 12 13 15 17 17 18 19 20 20 
22 23 24 24 24 25 26 27 27 27 28 29 31 32 32 33 35 35 36 36 
37 37 38 39 40 41 41 42 44 44 44 45 46 47 47 47 47 49 50 50 
52 54 54 54 56 57 59 60 60 61 62 64 65 66 66 67 68 69 70 70 
71 72 76 77 77 78 78 79 81 82 83 83 84 85 85 87 89 90 91 99 
bash-4.2$ exit
exit

Script done on Thu 10 Jun 2021 10:58:24 PM EDT
